-1097524666 1
-1103988819 1
-2106830129 1
-259094195 1
1852816273 1
350268115 1
-104483835 1
420363156 1
-1293443193 1
-668886730 1
1413497806 1
2102682033 1
2133215392 1
-1182992561 1
-1562629338 1
-1389287068 1
-1692406067 1
-89050351 1
1612474252 1
-613897343 1
-125461016 1
-153655666 1
-141441982 1
-1807716949 1
1738299599 1
-1816710481 1
-1148394102 1
108396040 1
-1786709106 1
-837977132 1
939503753 1
145501156 1
-2036735088 1
-414873357 1
-2112480743 1
1677936056 2
395296402 1
-868604096 1
1863960984 1
-62503461 1
-9228243 1
1142582129 1
326114578 1
-2143077943 1
-1143384965 1
-664044740 1
1210404696 1
-567918006 1
-339698307 1
874249514 1
858877323 1
1122382994 1
-1918899928 1
-1027429626 1
-28663924 1
608934950 1
469634290 1
-879873560 1
-160166579 1
-1377391993 1
-1347390639 1
1608368401 1
-390659405 1
1488460629 1
-1664193174 1
1628665999 1
-1362911950 1
150222919 1
-1433074761 1
-418872300 1
-1852123375 1
633168622 1
714631591 1
1364251529 1
679128708 1
384855558 1
887875376 1
-1617618704 1
-798509077 1
-858984975 1
1419034924 1
604974869 1
354326914 1
745164951 1
-139271139 1
684796999 1
1599648347 1
-1942488268 1
-44647676 1
2109061854 1
1614093271 1
-1352231420 1
235751444 1
-802605208 1
1293185728 1
-124557950 1
554754081 1
-1437699313 1
1343402765 1
-1088003114 1
388796117 1
974179338 1
2130881489 1
1913228331 1
609838984 1
-648684647 1
-2041415860 1
-1168617254 1
1938269454 3
1663363566 1
-1022588845 1
-1967413103 1
-263934997 1
-1358069962 1
-1678030762 1
180224272 1
-1081329804 1
1160329880 1
-359190589 1
-2101991088 1
1483592845 1
2101868207 1
-904936627 1
-1622479625 1
-1433006991 1
-39153606 1
400207909 1
-1782028334 1
914343159 1
1598109519 1
-1409486420 1
-1903611964 1
1403814823 1
649377545 1
654871670 1
909621419 1
603266598 1
1128956246 1
-1687713745 1
1908367410 1
1593268525 1
1174774804 1
334834632 1
-1043596688 1
-164165547 1
-513800948 1
863740421 1
-2062423703 1
-1428978828 1
-1602097393 1
-1607935722 1
-148792693 1
-1938392335 1
-1673162249 1
1854355100 1
240615538 1
-847680886 1
867676240 1
650916373 1
719472586 1
-135165047 1
1127223731 1
-924286865 1
-833296360 1
-84991553 1
1868800025 1
-1909379053 1
-1418455495 2
1626953711 1
-108579987 1
-34290569 1
-1312018715 1
1627761007 1
-1134580314 1
2142185578 1
1668204560 1
1494111947 1
-1487881903 1
1164328170 1
-1856804147 1
1904430590 1
740321329 1
1163659513 1
-1532002352 1
2138079507 1
-109248592 1
1618958283 1
220416185 1
103555979 1
1684188311 2
1239405193 1
585445261 1
1753657741 1
-73856871 1
1693896925 1
134089340 1
924933063 1
-604278221 1
119540995 1
908952760 1
-130326007 1
-2052095183 1
-288997322 1
-888678211 1
196202255 1
355757841 1
872516301 1
-1932737516 1
1373054971 2
-523504723 1
89747000 1
-620302879 1
-1654672276 1
1189347533 1
-268797970 1
1897182600 1
-1907045151 1
1424642517 1
-1158098155 1
-1791549887 1
-669580111 1
-1174272074 1
1988165359 1
1627860682 1
839526404 1
-1662672621 1
1444054287 1
-289095569 1
-1342709868 1
-1682871756 1
-363286741 1
-1307922584 1
1948603679 1
495322292 1
141502865 1
1744137929 1
-1898074964 1
450909009 1
2118667737 1
985324050 1
169715200 1
1244244234 1
1883372753 1
1348939911 1
-875010587 1
1153950059 1
1429481558 1
679934026 1
-313211252 1
1637635044 1
-889581277 1
175383491 1
1473909191 1
1415036634 1
-909804411 1
-396148736 1
1933430413 1
1469048944 1
1228886092 1
-1428165002 1
934640779 1
1254578459 1
1423229302 6
345247964 12
-1057311962 1
1733458606 1
-798410830 1
933835461 1
1748818701 1
1373959246 1
-1648857916 1
-533212440 1
-1842419343 1
854838022 1
-2056937844 1
459924837 1
730617297 1
-1667511662 4
-58504499 1
400164916 1
-18955310 1
129245738 1
-788889935 1
214927537 1
-826623050 1
622678282 1
1847975279 1
2003525455 1
-78697651 1
-518641729 1
-1927869003 2
-923593484 1
-136578263 1
1224045098 1
-1992573674 1
-543802323 1
-113203889 1
1109544776 1
863641465 2
2097840043 1
-338267379 1
-1337870827 1
1168522548 4
2128371791 1
425227272 1
1344941593 1
-1462862569 1
-1037782325 1
1118348218 1
-273662064 1
446910046 1
-583270378 1
724341041 1
1219202437 1
1387769092 1
-1597416621 1
-898552360 1
869408712 1
-146310714 1
1892341797 1
-767882091 1
-1527321580 1
-317210215 1
1112680106 1
705615763 1
929776664 1
-1053117584 1
-872700248 1
-778211477 1
-1692574665 1
-1407965867 1
995028082 1
857973352 1
1439190171 1
124380747 1
-650229878 1
-1414350135 1
956323554 1
424421954 1
-219884608 1
920068050 1
-1652338397 1
284061623 1
-900072913 1
99620160 1
-278505686 1
374247748 1
-367910642 1
-673579054 1
609033668 1
1758522733 1
-14091216 1
113264771 1
-783075572 1
220317719 1
2123506778 1
1098954893 1
1873665037 1
-842817913 1
-803273866 1
76031754 1
1689053303 1
230907821 1
615327569 1
-772722872 1
1983322698 1
205218084 1
-1108831480 1
-599417972 1
612996395 1
1882467764 1
-1178993618 1
-174578875 1
1881941825 1
1858353418 1
-2117349229 1
-1378957682 1
999871705 1
788633140 1
-1592577581 1
1094233158 1
-375324168 1
864545738 1
98713339 1
1867181006 1
118128493 1
1124115465 1
-1916753764 1
1602978032 1
-1159643381 1
1642475846 1
434931026 1
-151150775 1
1089321622 1
2135741631 1
-571916296 1
145458162 1
604170569 1
-1862642475 1
-1612776715 1
-1541706106 1
1377089747 1
638659246 1
1633528973 1
210059078 1
1119252492 1
964495683 1
-1277295599 1
-1867483469 1
-1687781515 1
474497328 1
1978462451 1
-1553010196 1
859681623 1
-164959753 1
358262732 1
-414805587 1
1943760056 1
1169935763 1
-1937578509 1
-658206200 1
50179614 1
2136648579 1
475910543 1
1179639795 1
-2122190223 1
-643845606 1
-928285807 1
-385032761 1
160812801 1
639562312 1
1090234839 1
-1677117545 1
-1683685582 1
-403499446 1
892740390 1
-655723268 1
1478751852 1
1353661647 1
245478511 1
-1368398482 1
-94864713 1
-2097126097 1
899243305 1
-1282136380 1
-2127032211 1
-913910501 1
-428660018 1
1184483418 1
170520518 1
-401017468 1
-1129717341 1
701616800 1
-115753297 1
-1383798484 1
-349571467 1
330738508 1
-178675000 1
-617993495 1
-683366772 1
1373153929 1
2107523027 1
-548567111 1
1998844682 1
367971525 1
-379264703 1
-1921592805 1
-1633664435 1
1418366290 1
2097772274 1
-1173458248 1
-1403100855 1
-903391401 1
-645366159 1
1133062338 1
-884737654 1
1372246957 1
-1872325458 1
729204081 1
-23798932 1
1621467981 1
-1911888752 1
-333404405 1
-120617414 1
1397288907 1
1367386838 1
-1798014040 1
654914663 1
-298728819 2
-1566725469 1
-370460052 1
1878508638 1
2113060172 1
-1183161157 1
-1877186379 1
-2046256641 1
490458197 1
-983092295 1
1728615945 1
-393977893 1
2147048551 1
2112391540 5
670226309 1
750029045 1
1658521577 1
-919565320 1
-328563624 1
1922911313 1
-1437867911 1
-633971457 1
904084298 1
-1144288030 1
1669743388 1
1214342190 1
580821331 1
-592974133 1
-1307824338 2
-293860359 1
-343757105 1
-674373261 1
-528368818 1
-1178300238 1
-419666507 1
-1209586743 1
-1423324008 1
-1412804908 1
-958313177 1
1233753876 1
-928454404 1
-639739514 1
-1092683886 1
-1286999374 1
1359386517 1
-918751494 1
1434346549 1
-34388816 1
192203293 1
-854124726 1
464765831 1
969338345 1
-1638505238 1
-2071417235 1
608126696 1
735456337 1
-405857529 1
1679349271 1
80127879 1
-705036333 1
353420093 1
130148805 1
90541207 1
1368290831 1
-1893211991 1
1503815979 2
-1153259114 1
1881034854 1
-630030922 1
1918070320 1
-84186236 1
1249734836 1
599160507 1
1723755697 1
485614575 1
-1122685239 1
665361296 1
-1139444408 1
617809547 1
-1124876537 1
-664858563 1
-409963598 1
659636405 1
1498950987 1
1378822219 1
2008364495 1
835528085 1
-1394151162 1
-1802856701 1
94607920 1
-1942420499 1
-160098834 1
979047795 1
-588111159 1
1673073021 1
-1032292620 1
1842375428 1
1118447175 1
-1298303442 1
1117540203 1
344453754 1
480749583 1
-1888371189 1
360620815 1
-1643368210 1
-2131893132 1
-454368881 1
-1548149947 1
1631796525 1
983910835 1
-1931198688 1
-1053215831 1
415519555 1
-594405061 1
165656402 1
1113584077 1
226042830 1
-1154779667 1
1857684786 2
-2031896047 1
1114388377 1
383952492 1
1158791052 1
-1536843133 1
379087501 1
905623126 1
1876174735 1
709788930 1
844248139 1
101051088 1
-1657181998 1
1927779774 1
1369095130 1
-1847284334 1
1623801884 1
1603646665 1
363102793 1
-380167769 1
-1113691728 1
396209623 1
1408656812 1
862833450 1
675069910 1
1993006353 1
105914061 1
-625166806 1
-634874523 1
404929651 1
589541386 1
430090245 1
-543704076 2
990163091 1
